10003
10009
10011
10016
10023
10064
10071
10075
10084
10099
10154
10210
10211
10232
10250
10253
10260
10283
10285
10286
10306
10311
10318
10373
10407
10416
10419
10503
10533
10568
10572
10601
10607
10674
10699
10761
10811
10820
10858
10874
10892
10894
10943
10960
10961
11058
11083
11086
11126
11240
11273
11295
11329
11342
118
4
11373
11383
15
222
11421
11436
11476
11559
11619
11652
11664
11713
11717
11721
11753
11775
11813
11840
11905
11909
11962
11999
12001
12006
12024
12026
12028
12035
12058
12064
12096
12124
12135
12139
12225
12232
4
0
12278
12279
12309
12436
12465
12524
12535
12537
12545
12559
12624
12644
12663
12700
12837
12876
12985
13029
13069
13135
13149
13157
13216
13229
13260
13273
13295
13303
13353
13423
13433
13455
13493
13500
13553
13555
13562
13563
13581
13583
13594
13618
13619
13703
13734
13744
201
13746
13751
13775
13780
13810
13827
13843
13906
13936
13997
14098
14104
14112
14143
14144
14194
14208
14217
14228
14277
14291
14315
14318
26
15
14450
14464
14527
14542
14621
14623
9932
9942
9989
10132
10134
10141
10146
10163
10239
10261
10326
10350
10455
10516
10551
10559
10664
10671
10680
10738
10779
10801
10833
10885
10904
10960
31
41
11015
11020
11043
11107
11167
11206
11244
11252
11266
11310
11344
11351
11380
11443
11447
11488
11490
11608
11612
11715
11771
11848
11897
11987
12000
12062
12066
12115
3
1
4
2
12152
12347
12518
12640
12670
12679
12680
12705
12708
12731
12735
12755
12779
12848
4
12905
12964
12965
12969
13057
13064
13074
13091
13096
13101
13148
13156
13178
13214
13396
13404
13435
13488
13500
13607
13640
13700
13883
13907
13911
13994
14016
14173
14193
2
3
1
1
2
14237
14257
14312
14321
14368
14388
14409
14426
14494
14542
14579
14580
14582
14594
14653
14723
14763
14830
15045
15057
15069
15097
15099
15100
15104
15110
15111
15149
15168
15210
15243
15248
15255
15263
15325
15363
15369
15376
15384
15396
5
3
15546
15628
15677
15703
15722
15730
15820
15888
15893
15976
15983
15998
16043
16069
16140
16170
16176
16259
16261
16276
16328
16332
16403
16429
16442
16443
16458
16475
16482
16496
16546
16547
16567
16770
16814
16843
16892
16900
16920
17080
17138
17165
17170
17277
17331
17391
17424
17437
17473
17494
17499
17573
17595
17596
17644
17696
17783
17808
17836
17892
17934
18045
18099
18119
18120
18131
18209
18217
18223
18233
18283
18320
18414
18418
18439
18465
18470
18490
18607
18620
18635
18639
18645
18723
18734
18779
18817
18968
19008
19017
19081
19100
19105
19148
19167
19223
19232
19246
19272
19275
19328
19351
19392
19508
19552
19565
19673
19698
19770
19886
19888
19898
19902
20124
20139
20188
20205
20296
18
20402
20422
20452
20458
20513
20523
20537
20592
20612
20625
20717
20745
20751
20771
20784
20823
20880
20984
20988
20996
21055
21107
21269
21350
21357
21408
21420
21425
21476
21559
21573
21574
21603
21606
21724
21772
21815
21852
21861
21906
21913
21995
21998
21999
22015
22062
22090
22108
22119
22124
22149
22153
22191
22228
22268
22272
22338
22344
22354
22361
22369
22396
22417
22435
22446
22453
22526
22581
22603
22616
22627
22649
22690
22716
22743
22752
22764
22799
22857
22892
22893
22902
22917
22921
23043
23064
23106
23164
23182
2
23191
23203
23261
23319
23336
23348
23414
23478
23549
23553
23557
23583
23646
23683
23724
23767
23789
23800
23810
23826
23835
23885
23968
24100
24107
24122
24208
24213
24217
24223
24275
24356
24404
24431
24481
24484
24574
24598
20
24655
24662
24669
24715
24721
24759
24768
24771
24787
24791
24819
24844
24852
24890
24945
25027
25056
25137
25225
25232
25238
25244
25245
25274
25312
25321
25354
25373
25396
25475
25518
25519
25635
25664
25667
25694
25709
25772
25789
25798
25819
69
27
69
25886
25924
26010
26042
26071
26086
26106
26183
26270
26318
26380
26389
26404
26464
26555
26563
26578
26614
26656
26674
26682
26755
26766
26786
26787
26801
26808
26821
26861
26870
26874
8
7
26947
26974
27021
27042
27064
27071
27088
27104
27157
27166
27188
27194
27236
27258
27353
27367
27417
27421
27456
27473
27482
27487
27489
27524
27537
27625
27745
27752
27771
27791
27803
27847
27854
27901
27922
27972
27987
28123
28198
28247
28352
28408
28412
28425
28
30
39
28432
28486
28544
28567
28601
28626
28632
28635
28657
28703
28709
28736
28771
28775
28823
28825
28828
0
28855
28863
28878
28897
28910
28937
28948
28950
29008
29019
29042
29121
29152
29173
29239
29241
29249
19
29314
29400
29427
29447
29475
29514
29602
29666
29678
29733
29734
29787
29957
30067
30103
30183
30231
30233
30240
30262
30332
30425
30472
30500
30502
30575
30595
30601
30617
30717
30734
30778
30787
30803
30855
30857
30863
30879
30882
30888
30919
31179
31186
31215
31285
31435
31443
31461
31462
31562
31581
31767
31769
31860
31862
31970
31991
31996
32017
32024
32027
32045
32052
32073
32123
32128
32173
32240
32257
32319
32338
32424
32438
32479
32484
32540
32573
32618
32685
32706
32712
32916
32951
33067
33091
33098
33140
33190
33212
33219
33274
33293
33356
33364
33386
33395
33409
33434
33556
33572
33576
33594
33639
33756
33762
33804
33861
33863
33894
33909
33939
33953
34026
34122
34131
34155
34158
34185
34186
34199
34217
34222
34255
34282
34304
34313
34350
34459
34588
34594
34606
34639
34670
34777
34838
34889
34904
34971
35022
35044
35059
35074
35148
35273
35349
35398
35400
35421
35452
35462
35505
35559
35560
35570
35579
35593
35637
35650
35707
35771
35832
35852
35895
35898
35913
35967
35973
35974
36068
36082
36093
36102
36118
36150
36223
36227
36255
36304
36335
36355
36357
36398
36423
36425
36453
36462
36550
36556
36584
36608
36613
36621
36633
36635
36658
36733
36802
36878
37039
37066
37073
37077
37123
37162
37213
37278
37416
37424
37454
37473
37519
37529
37591
37595
37671
37706
37741
37747
37784
37794
37798
38047
38053
38055
38068
38085
38116
38260
38287
38288
38325
38336
38360
38370
38393
38430
38433
38434
38437
38467
38485
38534
38552
38554
38578
38624
38636
38663
38665
38702
38785
38907
38935
38967
38978
38993
39003
39029
39044
39051
39088
39120
39131
39147
39203
39204
39254
39262
39291
39302
39310
39352
39364
39369
39391
39393
39402
39426
39433
39441
39444
39465
39509
39510
39559
39607
39625
39659
39693
39723
39725
39808
39838
39854
39855
39861
39882
39885
39924
39953
39974
39976
39984
39985
40006
40009
40092
40136
40159
40186
40201
40209
40348
40386
40542
40593
40632
40675
40917
41081
41090
41111
41114
41160
41173
41309
41354
41377
41388
41421
41446
41487
41502
41508
41517
41526
41536
41570
41673
41697
41779
41842
41847
41886
41893
41932
41994
41998
03
42016
42030
42059
42075
42079
42168
42180
42199
42206
42250
42256
42323
42349
42367
42387
42419
42502
42583
42724
42744
42786
42801
42862
42920
42948
43006
43047
43050
43075
43080
43221
43233
43277
43302
43334
43380
131
43387
43408
43412
43497
43530
43566
43581
43592
43602
43623
43667
2009
43691
43705
43784
43930
43947
43969
43981
44035
44070
44318